
11111111 11111111 10000000 00000000 00000000 00000111 11111111 11111111   FF FF
11111111 11111111 10000011 10000000 00000000 00000111 11111111 11111111   FF FF
11111111 11111111 00000001 11000001 11000000 00000011 11111111 11111111   FF FF
11111111 11111110 00000000 11101110 11111100 00000001 11111111 11111111   FF
11111111 11111110 00111110 01100111 11111111 00110001 11111111 11111111   FF
11111111 11111100 11111111 11100011 11111011 11111000 11111111 11111111   FF
11111111 11111001 11111111 11100111 11111111 11111000 01111111 11111111   FF
11111111 11111011 10000111 11101111 11111111 11111100 01111111 11111111   FF
11111111 11110010 00011100 11011111 11111111 11111000 00111111 11111111   FF
11111111 11110000 00111000 10011111 01111111 00010000 00011111 11111111   FF
11111111 11110000 01111000 00011110 11001100 00000000 00111111 11111111   FF
11111111 11110000 01110000 00011110 10100000 00000000 01111111 11111111   FF
11111111 11111000 11110000 00011110 01110000 00000000 11111111 11111111   FF
11111111 11111100 01110000 00001111 11010000 00000000 11111111 11111111   FF
11111111 11111110 01111000 00001111 00111000 00000001 11111111 11111111   FF

11111111 11111111 00111100 00001111 10100100 00000011 11111111 11111111   FF FF 3C
11111111 11111111 10011110 00001111 11011110 00000111 11111111 11111111   FF FF 9E
11111111 11111111 11001110 00000011 11011001 00001111 11111111 11111111   FF FF CE
11111111 11111111 11100111 00000011 11100011 00011111 11111111 11111111   FF FF E3
11111111 11111111 11110011 10000001 11110110 00111111 11111111 11111111   FF FF F3
11111111 11111111 11111001 11000001 01110100 01111111 11111111 11111111   FF FF F9
11111111 11111111 11111101 11100001 01110000 11111111 11111111 11111111   FF FF FD
11111111 11111111 11111110 11110000 01111001 11111111 11111111 11111111   FF FF FE
11111111 11111111 11111110 01111000 11110001 11111111 11111111 11111111   FF FF FE
11111111 11111111 11111111 00111111 11110011 11111111 11111111 11111111   FF FF FF 3F F3 FF FF FF
11111111 11111111 11111111 10011111 11100111 11111111 11111111 11111111   FF FF FF 9F E7 FF FF FF
11111111 11111111 11111111 11001111 11001111 11111111 11111111 11111111   FF FF FF CF CF FF FF FF
11111111 11111111 11111111 11100111 10011111 11111111 11111111 11111111   FF FF FF E7 9F FF FF FF
11111111 11111111 11111111 11110011 00111111 11111111 11111111 11111111   FF FF FF F3 3F FF FF FF
11111111 11111111 11111111 11111000 01111111 11111111 11111111 11111111   FF FF FF F8 7F FF FF FF

11111111 11111111 11111111 11111100 11111111 11111111 11111111 11111111   FF FF FF FC FF FF FF FF
11111111 11111111 11111111 11111111 11111111 11111111 11111111 11111111   FF FF FF FF FF FF FF FF
